HydrOptiFrame report
================================================================================

Run folder : HydrOptiFrame_Pulse_3T_2p000ms_20260606_174417
Title      : spl_30T_15p_2000ms_50000L2_50.0FB
Timestamp  : 2026-06-06 17:44:17

Pulse parameters
--------------------------------------------------------------------------------
T [ms]            : 2.0
NT                : 256
DT [ms]           : 0.0078125
flip [deg]        : 10.0
waveform_type     : spline
spline_order      : 2
set_edges_to_zero : False
waveform_params   : 
amp               : [0.57 , 0.47 , 0.481, 0.487, 0.411, 0.43 , 0.515, 0.515, 0.6  , 0.488, 0.486, 0.456, 0.555, 0.417, 0.562]
phi               : [-0.767371,  1.341629, -1.311371, -0.307371,  0.033629,  0.727629, -0.247371,  0.212629, -0.826371,  1.618629,  0.234629,  1.888629,
 -0.201371,  0.129629,  0.027629]
amp_with_edges    : [0.57 , 0.47 , 0.481, 0.487, 0.411, 0.43 , 0.515, 0.515, 0.6  , 0.488, 0.486, 0.456, 0.555, 0.417, 0.562]
phi_with_edges    : [-0.767371,  1.341629, -1.311371, -0.307371,  0.033629,  0.727629, -0.247371,  0.212629, -0.826371,  1.618629,  0.234629,  1.888629,
 -0.201371,  0.129629,  0.027629]
B1_amp            : [0.000795, 0.000783, 0.000771, 0.00076 , 0.00075 , 0.000739, 0.00073 , 0.000721, 0.000712, 0.000704, 0.000697, 0.00069 , 0.000683, 0.000678,
 0.000672, 0.000668, 0.000663, 0.00066 , 0.000656, 0.000654, 0.000652, 0.00065 , 0.000649, 0.000649, 0.000649, 0.000649, 0.000651, 0.000652,
 0.000654, 0.000656, 0.000659, 0.000661, 0.000663, 0.000665, 0.000667, 0.000669, 0.00067 , 0.000672, 0.000674, 0.000676, 0.000678, 0.00068 ,
 0.000681, 0.000683, 0.000685, 0.000686, 0.000688, 0.000689, 0.00069 , 0.00069 , 0.000689, 0.000688, 0.000687, 0.000684, 0.000682, 0.000678,
 0.000675, 0.00067 , 0.000665, 0.00066 , 0.000654, 0.000647, 0.00064 , 0.000632, 0.000624, 0.000616, 0.000609, 0.000602, 0.000596, 0.00059 ,
 0.000585, 0.000581, 0.000577, 0.000573, 0.00057 , 0.000568, 0.000566, 0.000565, 0.000564, 0.000564, 0.000565, 0.000566, 0.000567, 0.000569,
 0.000572, 0.000575, 0.000578, 0.000581, 0.000585, 0.00059 , 0.000595, 0.0006  , 0.000605, 0.000611, 0.000618, 0.000624, 0.000631, 0.000639,
 0.000647, 0.000655, 0.000664, 0.000672, 0.000681, 0.000688, 0.000695, 0.000701, 0.000706, 0.000711, 0.000715, 0.000718, 0.00072 , 0.000722,
 0.000724, 0.000724, 0.000724, 0.000723, 0.000722, 0.00072 , 0.000717, 0.000714, 0.000711, 0.00071 , 0.000709, 0.000709, 0.000709, 0.000711,
 0.000714, 0.000717, 0.000721, 0.000726, 0.000731, 0.000738, 0.000745, 0.000754, 0.000763, 0.000772, 0.000783, 0.000794, 0.000805, 0.000814,
 0.000821, 0.000827, 0.000832, 0.000835, 0.000837, 0.000838, 0.000837, 0.000835, 0.000831, 0.000826, 0.00082 , 0.000812, 0.000802, 0.000792,
 0.00078 , 0.000766, 0.000753, 0.000741, 0.000729, 0.000719, 0.000709, 0.000701, 0.000693, 0.000686, 0.000681, 0.000676, 0.000672, 0.000669,
 0.000667, 0.000666, 0.000665, 0.000666, 0.000668, 0.00067 , 0.000673, 0.000676, 0.000678, 0.000679, 0.00068 , 0.00068 , 0.00068 , 0.00068 ,
 0.000678, 0.000677, 0.000675, 0.000672, 0.000669, 0.000665, 0.000661, 0.000657, 0.000652, 0.000646, 0.000641, 0.000636, 0.000633, 0.00063 ,
 0.000629, 0.000629, 0.00063 , 0.000632, 0.000635, 0.000639, 0.000645, 0.000651, 0.000659, 0.000667, 0.000677, 0.000688, 0.0007  , 0.000713,
 0.000727, 0.000739, 0.00075 , 0.000758, 0.000765, 0.000771, 0.000774, 0.000776, 0.000775, 0.000773, 0.00077 , 0.000764, 0.000757, 0.000748,
 0.000737, 0.000724, 0.00071 , 0.000694, 0.000676, 0.000659, 0.000644, 0.00063 , 0.000618, 0.000607, 0.000598, 0.000591, 0.000585, 0.000581,
 0.000579, 0.000578, 0.000579, 0.000581, 0.000585, 0.000591, 0.000598, 0.000607, 0.000617, 0.000629, 0.000643, 0.000658, 0.000675, 0.000694,
 0.000714, 0.000736, 0.000759, 0.000784]
B1_phase          : [-0.767371, -0.48707 , -0.225883,  0.016191,  0.239151,  0.442998,  0.627731,  0.793351,  0.939857,  1.06725 ,  1.175529,  1.264695,
  1.334748,  1.385687,  1.417512,  1.430224,  1.423823,  1.398308,  1.353679,  1.289937,  1.207082,  1.105113,  0.984031,  0.843835,
  0.684526,  0.506103,  0.308567,  0.091917, -0.135079, -0.345078, -0.536113, -0.708183, -0.861289, -0.995431, -1.110608, -1.206821,
 -1.28407 , -1.342354, -1.381673, -1.402029, -1.40342 , -1.385846, -1.349309, -1.293807, -1.21934 , -1.125909, -1.016257, -0.909442,
 -0.809115, -0.715276, -0.627926, -0.547065, -0.472692, -0.404808, -0.343413, -0.288506, -0.240088, -0.198158, -0.162717, -0.133764,
 -0.111301, -0.095325, -0.085839, -0.082841, -0.086004, -0.088132, -0.08628 , -0.080448, -0.070637, -0.056846, -0.039075, -0.017324,
  0.008407,  0.038117,  0.071808,  0.109478,  0.151127,  0.196757,  0.246366,  0.299956,  0.357525,  0.419073,  0.484594,  0.547214,
  0.600956,  0.645821,  0.681807,  0.708915,  0.727146,  0.736498,  0.736973,  0.728569,  0.711288,  0.685129,  0.650091,  0.606176,
  0.553383,  0.491712,  0.421162,  0.341735,  0.25343 ,  0.162293,  0.079912,  0.006573, -0.057724, -0.112979, -0.159192, -0.196363,
 -0.224491, -0.243578, -0.253623, -0.254625, -0.246586, -0.229504, -0.203381, -0.168215, -0.124008, -0.070758, -0.008466,  0.059216,
  0.117656,  0.165324,  0.202222,  0.228349,  0.243705,  0.24829 ,  0.242104,  0.225147,  0.197419,  0.15892 ,  0.10965 ,  0.049609,
 -0.021203, -0.102786, -0.19514 , -0.298265, -0.412161, -0.534497, -0.642963, -0.731992, -0.801584, -0.851738, -0.882455, -0.893735,
 -0.885577, -0.857982, -0.810949, -0.74448 , -0.658572, -0.553228, -0.428446, -0.284227, -0.12057 ,  0.062523,  0.265055,  0.486365,
  0.699761,  0.891316,  1.061031,  1.208905,  1.334939,  1.439132,  1.521484,  1.581996,  1.620667,  1.637498,  1.632488,  1.605638,
  1.556947,  1.486415,  1.394043,  1.27983 ,  1.143777,  0.985883,  0.825264,  0.683893,  0.561796,  0.458974,  0.375426,  0.311152,
  0.266153,  0.240428,  0.233977,  0.246801,  0.278899,  0.330272,  0.400918,  0.490839,  0.600035,  0.728505,  0.876249,  1.043267,
  1.21836 ,  1.37415 ,  1.509391,  1.624085,  1.718232,  1.79183 ,  1.844881,  1.877384,  1.889339,  1.880747,  1.851607,  1.801919,
  1.731683,  1.6409  ,  1.529569,  1.39769 ,  1.245263,  1.072289,  0.883685,  0.705117,  0.540279,  0.389172,  0.251794,  0.128146,
  0.018229, -0.077959, -0.160417, -0.229144, -0.284141, -0.325409, -0.352946, -0.366753, -0.366831, -0.353178, -0.325795, -0.284682,
 -0.230727, -0.176268, -0.125263, -0.077711, -0.033612,  0.007035,  0.044228,  0.077968,  0.108255,  0.135089,  0.15847 ,  0.178398,
  0.194872,  0.207894,  0.217463,  0.223579,  0.226241,  0.225451,  0.221208,  0.213511,  0.202361,  0.187759,  0.169703,  0.148195,
  0.123233,  0.094818,  0.06295 ,  0.027629]

Optimiser / simulation parameters
--------------------------------------------------------------------------------
n_points     : 15
n_epochs     : 100
amp_lim_low  : 0.01
amp_lim_high : 1.0
phi_lim      : 12.566370614359172
sigma0       : 0.04

GYR              : 42577478.518
SYSFIELD [T]     : 3.0
SYSFREQ [Hz]     : 127732435.55399999
DELTAFREQFAT     : -3.4e-06
FATFREQ [Hz]     : -434.29028088359996

TE [ms] : 4.78
TR [ms] : 2.35
T1 [ms] : 1480.0
T2 [ms] : 50.0

NF             : 200
NZ             : 100
F [Hz]         : 1000.0
FOV            : 0.44
SLICETHICKNESS : 0.12571428571428572
DF             : [-1000.      ,  -989.949749,  -979.899497,  -969.849246,  -959.798995,  -949.748744,  -939.698492,  -929.648241,  -919.59799 ,  -909.547739,
  -899.497487,  -889.447236,  -879.396985,  -869.346734,  -859.296482,  -849.246231,  -839.19598 ,  -829.145729,  -819.095477,  -809.045226,
  -798.994975,  -788.944724,  -778.894472,  -768.844221,  -758.79397 ,  -748.743719,  -738.693467,  -728.643216,  -718.592965,  -708.542714,
  -698.492462,  -688.442211,  -678.39196 ,  -668.341709,  -658.291457,  -648.241206,  -638.190955,  -628.140704,  -618.090452,  -608.040201,
  -597.98995 ,  -587.939698,  -577.889447,  -567.839196,  -557.788945,  -547.738693,  -537.688442,  -527.638191,  -517.58794 ,  -507.537688,
  -497.487437,  -487.437186,  -477.386935,  -467.336683,  -457.286432,  -447.236181,  -437.18593 ,  -427.135678,  -417.085427,  -407.035176,
  -396.984925,  -386.934673,  -376.884422,  -366.834171,  -356.78392 ,  -346.733668,  -336.683417,  -326.633166,  -316.582915,  -306.532663,
  -296.482412,  -286.432161,  -276.38191 ,  -266.331658,  -256.281407,  -246.231156,  -236.180905,  -226.130653,  -216.080402,  -206.030151,
  -195.979899,  -185.929648,  -175.879397,  -165.829146,  -155.778894,  -145.728643,  -135.678392,  -125.628141,  -115.577889,  -105.527638,
   -95.477387,   -85.427136,   -75.376884,   -65.326633,   -55.276382,   -45.226131,   -35.175879,   -25.125628,   -15.075377,    -5.025126,
     5.025126,    15.075377,    25.125628,    35.175879,    45.226131,    55.276382,    65.326633,    75.376884,    85.427136,    95.477387,
   105.527638,   115.577889,   125.628141,   135.678392,   145.728643,   155.778894,   165.829146,   175.879397,   185.929648,   195.979899,
   206.030151,   216.080402,   226.130653,   236.180905,   246.231156,   256.281407,   266.331658,   276.38191 ,   286.432161,   296.482412,
   306.532663,   316.582915,   326.633166,   336.683417,   346.733668,   356.78392 ,   366.834171,   376.884422,   386.934673,   396.984925,
   407.035176,   417.085427,   427.135678,   437.18593 ,   447.236181,   457.286432,   467.336683,   477.386935,   487.437186,   497.487437,
   507.537688,   517.58794 ,   527.638191,   537.688442,   547.738693,   557.788945,   567.839196,   577.889447,   587.939698,   597.98995 ,
   608.040201,   618.090452,   628.140704,   638.190955,   648.241206,   658.291457,   668.341709,   678.39196 ,   688.442211,   698.492462,
   708.542714,   718.592965,   728.643216,   738.693467,   748.743719,   758.79397 ,   768.844221,   778.894472,   788.944724,   798.994975,
   809.045226,   819.095477,   829.145729,   839.19598 ,   849.246231,   859.296482,   869.346734,   879.396985,   889.447236,   899.497487,
   909.547739,   919.59799 ,   929.648241,   939.698492,   949.748744,   959.798995,   969.849246,   979.899497,   989.949749,  1000.      ]
DZ             : [-0.44    , -0.431111, -0.422222, -0.413333, -0.404444, -0.395556, -0.386667, -0.377778, -0.368889, -0.36    , -0.351111, -0.342222,
 -0.333333, -0.324444, -0.315556, -0.306667, -0.297778, -0.288889, -0.28    , -0.271111, -0.262222, -0.253333, -0.244444, -0.235556,
 -0.226667, -0.217778, -0.208889, -0.2     , -0.191111, -0.182222, -0.173333, -0.164444, -0.155556, -0.146667, -0.137778, -0.128889,
 -0.12    , -0.111111, -0.102222, -0.093333, -0.084444, -0.075556, -0.066667, -0.057778, -0.048889, -0.04    , -0.031111, -0.022222,
 -0.013333, -0.004444,  0.004444,  0.013333,  0.022222,  0.031111,  0.04    ,  0.048889,  0.057778,  0.066667,  0.075556,  0.084444,
  0.093333,  0.102222,  0.111111,  0.12    ,  0.128889,  0.137778,  0.146667,  0.155556,  0.164444,  0.173333,  0.182222,  0.191111,
  0.2     ,  0.208889,  0.217778,  0.226667,  0.235556,  0.244444,  0.253333,  0.262222,  0.271111,  0.28    ,  0.288889,  0.297778,
  0.306667,  0.315556,  0.324444,  0.333333,  0.342222,  0.351111,  0.36    ,  0.368889,  0.377778,  0.386667,  0.395556,  0.404444,
  0.413333,  0.422222,  0.431111,  0.44    ]

FLIPMIN [deg] : 1.0
FLIPMAX [deg] : 90.0
NFLIP         : 100

CORRCOEF     : 1.0
L1           : 100.0
L2           : 5.0
L3           : 30.0
FATBAND [Hz] : 50.0
WATBAND [Hz] : 10.0

Optimisation results
--------------------------------------------------------------------------------
best_value : 63.16213092117917
optimisation_duration_seconds : 16.555
best_params :
  amp1: 0.5700000000000001
  amp2: 0.47000000000000003
  amp3: 0.48100000000000004
  amp4: 0.48700000000000004
  amp5: 0.41100000000000003
  amp6: 0.43
  amp7: 0.515
  amp8: 0.515
  amp9: 0.6
  amp10: 0.48800000000000004
  amp11: 0.48600000000000004
  amp12: 0.456
  amp13: 0.555
  amp14: 0.41700000000000004
  amp15: 0.562
  phi1: -0.767370614359173
  phi2: 1.341629385640827
  phi3: -1.3113706143591717
  phi4: -0.3073706143591721
  phi5: 0.03362938564082718
  phi6: 0.727629385640828
  phi7: -0.24737061435917163
  phi8: 0.21262938564082745
  phi9: -0.8263706143591723
  phi10: 1.618629385640828
  phi11: 0.2346293856408277
  phi12: 1.8886293856408276
  phi13: -0.20137061435917225
  phi14: 0.12962938564082727
  phi15: 0.027629385640826953

