HydrOptiFrame report
================================================================================

Run folder : HydrOptiFrame_Pulse_3T_2p000ms_20260607_151101
Title      : spl_30T_15p_2000ms_50000L2_50.0FB
Timestamp  : 2026-06-07 15:11:01

Pulse parameters
--------------------------------------------------------------------------------
T [ms]            : 2.0
NT                : 256
DT [ms]           : 0.0078125
flip [deg]        : 10.0
waveform_type     : spline
spline_order      : 2
set_edges_to_zero : False
waveform_params   : 
amp               : [0.469, 0.478, 0.532, 0.547, 0.574, 0.49 , 0.423, 0.537, 0.525, 0.489, 0.485, 0.463, 0.468, 0.607, 0.466]
phi               : [ 1.245629, -0.754371, -1.273371,  0.275629,  0.569629, -2.546371, -0.277371, -1.050371,  1.712629,  0.325629, -0.112371, -1.601371,
 -1.321371,  0.430629, -0.427371]
amp_with_edges    : [0.469, 0.478, 0.532, 0.547, 0.574, 0.49 , 0.423, 0.537, 0.525, 0.489, 0.485, 0.463, 0.468, 0.607, 0.466]
phi_with_edges    : [ 1.245629, -0.754371, -1.273371,  0.275629,  0.569629, -2.546371, -0.277371, -1.050371,  1.712629,  0.325629, -0.112371, -1.601371,
 -1.321371,  0.430629, -0.427371]
B1_amp            : [0.00063 , 0.000628, 0.000627, 0.000626, 0.000625, 0.000625, 0.000625, 0.000625, 0.000625, 0.000625, 0.000626, 0.000627, 0.000628, 0.00063 ,
 0.000632, 0.000634, 0.000636, 0.000638, 0.000641, 0.000644, 0.000648, 0.000651, 0.000655, 0.000659, 0.000663, 0.000668, 0.000672, 0.000677,
 0.000682, 0.000687, 0.000692, 0.000696, 0.0007  , 0.000704, 0.000707, 0.00071 , 0.000713, 0.000716, 0.000718, 0.00072 , 0.000722, 0.000723,
 0.000724, 0.000725, 0.000726, 0.000726, 0.000726, 0.000726, 0.000726, 0.000727, 0.000728, 0.000729, 0.00073 , 0.000732, 0.000733, 0.000735,
 0.000737, 0.00074 , 0.000742, 0.000745, 0.000748, 0.000751, 0.000755, 0.000758, 0.000762, 0.000766, 0.000769, 0.000771, 0.000772, 0.000773,
 0.000774, 0.000773, 0.000772, 0.000771, 0.000768, 0.000765, 0.000762, 0.000758, 0.000753, 0.000747, 0.000741, 0.000734, 0.000727, 0.000719,
 0.000712, 0.000704, 0.000697, 0.000689, 0.000681, 0.000674, 0.000666, 0.000659, 0.000651, 0.000643, 0.000636, 0.000628, 0.000621, 0.000613,
 0.000606, 0.000598, 0.000591, 0.000584, 0.000578, 0.000573, 0.000569, 0.000567, 0.000565, 0.000565, 0.000565, 0.000567, 0.00057 , 0.000574,
 0.00058 , 0.000586, 0.000593, 0.000602, 0.000612, 0.000622, 0.000634, 0.000647, 0.000659, 0.00067 , 0.00068 , 0.00069 , 0.000698, 0.000706,
 0.000713, 0.000718, 0.000724, 0.000728, 0.000731, 0.000734, 0.000735, 0.000736, 0.000736, 0.000735, 0.000733, 0.00073 , 0.000727, 0.000725,
 0.000722, 0.000719, 0.000716, 0.000713, 0.00071 , 0.000707, 0.000704, 0.000701, 0.000698, 0.000695, 0.000692, 0.000689, 0.000686, 0.000683,
 0.00068 , 0.000677, 0.000674, 0.000671, 0.000668, 0.000666, 0.000663, 0.000661, 0.00066 , 0.000658, 0.000657, 0.000655, 0.000654, 0.000653,
 0.000653, 0.000652, 0.000652, 0.000652, 0.000652, 0.000653, 0.000653, 0.000653, 0.000653, 0.000653, 0.000653, 0.000653, 0.000653, 0.000652,
 0.000651, 0.000651, 0.00065 , 0.000649, 0.000647, 0.000646, 0.000645, 0.000643, 0.000641, 0.00064 , 0.000638, 0.000636, 0.000634, 0.000632,
 0.00063 , 0.000628, 0.000626, 0.000624, 0.000622, 0.000621, 0.000619, 0.000617, 0.000615, 0.000613, 0.000611, 0.000609, 0.000608, 0.000606,
 0.000604, 0.000603, 0.000604, 0.000605, 0.000607, 0.00061 , 0.000614, 0.000619, 0.000625, 0.000632, 0.000639, 0.000648, 0.000658, 0.000669,
 0.00068 , 0.000693, 0.000707, 0.000721, 0.000737, 0.000751, 0.000764, 0.000776, 0.000786, 0.000795, 0.000802, 0.000808, 0.000813, 0.000816,
 0.000817, 0.000817, 0.000816, 0.000814, 0.000809, 0.000804, 0.000797, 0.000789, 0.000779, 0.000767, 0.000755, 0.000741, 0.000725, 0.000708,
 0.00069 , 0.00067 , 0.000648, 0.000626]
B1_phase          : [ 1.245629,  1.102035,  0.962367,  0.826625,  0.694808,  0.566918,  0.442953,  0.322914,  0.2068  ,  0.094613, -0.013649, -0.117985,
 -0.218395, -0.314879, -0.407437, -0.49607 , -0.580776, -0.661557, -0.738412, -0.811342, -0.880345, -0.945423, -1.006575, -1.063801,
 -1.117101, -1.166475, -1.211924, -1.253446, -1.290052, -1.318648, -1.339012, -1.351145, -1.355046, -1.350715, -1.338152, -1.317357,
 -1.28833 , -1.251072, -1.205582, -1.15186 , -1.089906, -1.019721, -0.941304, -0.854655, -0.759774, -0.656661, -0.546575, -0.438263,
 -0.3334  , -0.231986, -0.134022, -0.039506,  0.051559,  0.139176,  0.223343,  0.304061,  0.38133 ,  0.455149,  0.525519,  0.59244 ,
  0.655911,  0.715933,  0.772506,  0.82563 ,  0.874856,  0.910318,  0.927982,  0.927847,  0.909914,  0.874182,  0.82065 ,  0.74932 ,
  0.660192,  0.553264,  0.428538,  0.286013,  0.125689, -0.052433, -0.248355, -0.462075, -0.693594, -0.942912, -1.209999, -1.470372,
 -1.702731, -1.907075, -2.083406, -2.231723, -2.352027, -2.444316, -2.508591, -2.544852, -2.5531  , -2.533333, -2.485553, -2.409759,
 -2.30595 , -2.174128, -2.014292, -1.826442, -1.610578, -1.383044, -1.17517 , -0.987728, -0.820718, -0.67414 , -0.547994, -0.442279,
 -0.356997, -0.292147, -0.247728, -0.223741, -0.220187, -0.237064, -0.274374, -0.332115, -0.410288, -0.508893, -0.62793 , -0.759722,
 -0.873504, -0.966063, -1.037398, -1.08751 , -1.116398, -1.124062, -1.110503, -1.075721, -1.019715, -0.942485, -0.844031, -0.724354,
 -0.583454, -0.42133 , -0.237982, -0.033411,  0.192384,  0.436094,  0.666063,  0.874388,  1.06107 ,  1.226108,  1.369504,  1.491257,
  1.591366,  1.669833,  1.726656,  1.761836,  1.775374,  1.767268,  1.737519,  1.686126,  1.613091,  1.518413,  1.402091,  1.264608,
  1.125498,  0.99495 ,  0.872964,  0.759542,  0.654682,  0.558385,  0.47065 ,  0.391479,  0.32087 ,  0.258824,  0.20534 ,  0.16042 ,
  0.124062,  0.096267,  0.077034,  0.066365,  0.064258,  0.070713,  0.078567,  0.07958 ,  0.073744,  0.061059,  0.041525,  0.015141,
 -0.018092, -0.058175, -0.105107, -0.158888, -0.219519, -0.286999, -0.361328, -0.442507, -0.530535, -0.625413, -0.72714 , -0.835716,
 -0.947193, -1.051919, -1.149455, -1.239801, -1.322958, -1.398924, -1.467701, -1.529288, -1.583685, -1.630893, -1.67091 , -1.703738,
 -1.729376, -1.747824, -1.759082, -1.763151, -1.760029, -1.749718, -1.732335, -1.708495, -1.678288, -1.641713, -1.598771, -1.54946 ,
 -1.493782, -1.431737, -1.363323, -1.288542, -1.207393, -1.119876, -1.025992, -0.925739, -0.81912 , -0.706132, -0.586777, -0.461053,
 -0.329803, -0.204708, -0.089513,  0.015781,  0.111174,  0.196666,  0.272258,  0.337949,  0.39374 ,  0.439629,  0.475619,  0.501707,
  0.517895,  0.524182,  0.520568,  0.507054,  0.483639,  0.450323,  0.407107,  0.35399 ,  0.290972,  0.218054,  0.135235,  0.042515,
 -0.060105, -0.172626, -0.295048, -0.427371]

Optimiser / simulation parameters
--------------------------------------------------------------------------------
n_points     : 15
n_epochs     : 10
amp_lim_low  : 0.01
amp_lim_high : 1.0
phi_lim      : 12.566370614359172
sigma0       : 0.04

GYR              : 42577478.518
SYSFIELD [T]     : 3.0
SYSFREQ [Hz]     : 127732435.55399999
DELTAFREQFAT     : -3.4e-06
FATFREQ [Hz]     : -434.29028088359996

TE [ms] : 4.78
TR [ms] : 2.35
T1 [ms] : 1480.0
T2 [ms] : 50.0

NF             : 200
NZ             : 100
F [Hz]         : 1000.0
FOV            : 0.44
SLICETHICKNESS : 0.12571428571428572
DF             : [-1000.      ,  -989.949749,  -979.899497,  -969.849246,  -959.798995,  -949.748744,  -939.698492,  -929.648241,  -919.59799 ,  -909.547739,
  -899.497487,  -889.447236,  -879.396985,  -869.346734,  -859.296482,  -849.246231,  -839.19598 ,  -829.145729,  -819.095477,  -809.045226,
  -798.994975,  -788.944724,  -778.894472,  -768.844221,  -758.79397 ,  -748.743719,  -738.693467,  -728.643216,  -718.592965,  -708.542714,
  -698.492462,  -688.442211,  -678.39196 ,  -668.341709,  -658.291457,  -648.241206,  -638.190955,  -628.140704,  -618.090452,  -608.040201,
  -597.98995 ,  -587.939698,  -577.889447,  -567.839196,  -557.788945,  -547.738693,  -537.688442,  -527.638191,  -517.58794 ,  -507.537688,
  -497.487437,  -487.437186,  -477.386935,  -467.336683,  -457.286432,  -447.236181,  -437.18593 ,  -427.135678,  -417.085427,  -407.035176,
  -396.984925,  -386.934673,  -376.884422,  -366.834171,  -356.78392 ,  -346.733668,  -336.683417,  -326.633166,  -316.582915,  -306.532663,
  -296.482412,  -286.432161,  -276.38191 ,  -266.331658,  -256.281407,  -246.231156,  -236.180905,  -226.130653,  -216.080402,  -206.030151,
  -195.979899,  -185.929648,  -175.879397,  -165.829146,  -155.778894,  -145.728643,  -135.678392,  -125.628141,  -115.577889,  -105.527638,
   -95.477387,   -85.427136,   -75.376884,   -65.326633,   -55.276382,   -45.226131,   -35.175879,   -25.125628,   -15.075377,    -5.025126,
     5.025126,    15.075377,    25.125628,    35.175879,    45.226131,    55.276382,    65.326633,    75.376884,    85.427136,    95.477387,
   105.527638,   115.577889,   125.628141,   135.678392,   145.728643,   155.778894,   165.829146,   175.879397,   185.929648,   195.979899,
   206.030151,   216.080402,   226.130653,   236.180905,   246.231156,   256.281407,   266.331658,   276.38191 ,   286.432161,   296.482412,
   306.532663,   316.582915,   326.633166,   336.683417,   346.733668,   356.78392 ,   366.834171,   376.884422,   386.934673,   396.984925,
   407.035176,   417.085427,   427.135678,   437.18593 ,   447.236181,   457.286432,   467.336683,   477.386935,   487.437186,   497.487437,
   507.537688,   517.58794 ,   527.638191,   537.688442,   547.738693,   557.788945,   567.839196,   577.889447,   587.939698,   597.98995 ,
   608.040201,   618.090452,   628.140704,   638.190955,   648.241206,   658.291457,   668.341709,   678.39196 ,   688.442211,   698.492462,
   708.542714,   718.592965,   728.643216,   738.693467,   748.743719,   758.79397 ,   768.844221,   778.894472,   788.944724,   798.994975,
   809.045226,   819.095477,   829.145729,   839.19598 ,   849.246231,   859.296482,   869.346734,   879.396985,   889.447236,   899.497487,
   909.547739,   919.59799 ,   929.648241,   939.698492,   949.748744,   959.798995,   969.849246,   979.899497,   989.949749,  1000.      ]
DZ             : [-0.44    , -0.431111, -0.422222, -0.413333, -0.404444, -0.395556, -0.386667, -0.377778, -0.368889, -0.36    , -0.351111, -0.342222,
 -0.333333, -0.324444, -0.315556, -0.306667, -0.297778, -0.288889, -0.28    , -0.271111, -0.262222, -0.253333, -0.244444, -0.235556,
 -0.226667, -0.217778, -0.208889, -0.2     , -0.191111, -0.182222, -0.173333, -0.164444, -0.155556, -0.146667, -0.137778, -0.128889,
 -0.12    , -0.111111, -0.102222, -0.093333, -0.084444, -0.075556, -0.066667, -0.057778, -0.048889, -0.04    , -0.031111, -0.022222,
 -0.013333, -0.004444,  0.004444,  0.013333,  0.022222,  0.031111,  0.04    ,  0.048889,  0.057778,  0.066667,  0.075556,  0.084444,
  0.093333,  0.102222,  0.111111,  0.12    ,  0.128889,  0.137778,  0.146667,  0.155556,  0.164444,  0.173333,  0.182222,  0.191111,
  0.2     ,  0.208889,  0.217778,  0.226667,  0.235556,  0.244444,  0.253333,  0.262222,  0.271111,  0.28    ,  0.288889,  0.297778,
  0.306667,  0.315556,  0.324444,  0.333333,  0.342222,  0.351111,  0.36    ,  0.368889,  0.377778,  0.386667,  0.395556,  0.404444,
  0.413333,  0.422222,  0.431111,  0.44    ]

FLIPMIN [deg] : 1.0
FLIPMAX [deg] : 90.0
NFLIP         : 100

CORRCOEF     : 1.0
L1           : 100.0
L2           : 5.0
L3           : 30.0
FATBAND [Hz] : 50.0
WATBAND [Hz] : 10.0

Optimisation results
--------------------------------------------------------------------------------
best_value : 93.87951657119464
optimisation_duration_seconds : 4.825
best_params :
  amp1: 0.46900000000000003
  amp2: 0.47800000000000004
  amp3: 0.532
  amp4: 0.547
  amp5: 0.5740000000000001
  amp6: 0.49
  amp7: 0.42300000000000004
  amp8: 0.537
  amp9: 0.525
  amp10: 0.48900000000000005
  amp11: 0.48500000000000004
  amp12: 0.463
  amp13: 0.468
  amp14: 0.607
  amp15: 0.466
  phi1: 1.2456293856408287
  phi2: -0.7543706143591731
  phi3: -1.2733706143591714
  phi4: 0.27562938564082806
  phi5: 0.5696293856408285
  phi6: -2.546370614359173
  phi7: -0.27737061435917276
  phi8: -1.0503706143591724
  phi9: 1.7126293856408275
  phi10: 0.325629385640827
  phi11: -0.11237061435917184
  phi12: -1.6013706143591726
  phi13: -1.3213706143591715
  phi14: 0.4306293856408274
  phi15: -0.42737061435917134

