HydrOptiFrame report
================================================================================

Run folder : HydrOptiFrame_Pulse_3T_2p000ms_20260607_154617
Title      : spl_30T_15p_2000ms_50000L2_50.0FB
Timestamp  : 2026-06-07 15:46:17

Pulse parameters
--------------------------------------------------------------------------------
T [ms]            : 2.0
NT                : 256
DT [ms]           : 0.0078125
flip [deg]        : 10.0
waveform_type     : spline
spline_order      : 2
set_edges_to_zero : False
waveform_params   : 
amp               : [0.463, 0.456, 0.388, 0.49 , 0.535, 0.507, 0.498, 0.513, 0.403, 0.488, 0.524, 0.456, 0.548, 0.535, 0.481]
phi               : [ 0.486629,  0.746629, -0.771371, -0.968371, -0.509371,  1.302629,  1.685629,  0.379629, -0.512371, -0.758371, -1.105371,  0.665629,
  0.519629,  0.763629,  1.043629]
amp_with_edges    : [0.463, 0.456, 0.388, 0.49 , 0.535, 0.507, 0.498, 0.513, 0.403, 0.488, 0.524, 0.456, 0.548, 0.535, 0.481]
phi_with_edges    : [ 0.486629,  0.746629, -0.771371, -0.968371, -0.509371,  1.302629,  1.685629,  0.379629, -0.512371, -0.758371, -1.105371,  0.665629,
  0.519629,  0.763629,  1.043629]
B1_amp            : [0.000648, 0.000651, 0.000654, 0.000657, 0.000659, 0.00066 , 0.000661, 0.000662, 0.000662, 0.000662, 0.000661, 0.00066 , 0.000658, 0.000656,
 0.000654, 0.000651, 0.000647, 0.000643, 0.000639, 0.000634, 0.000629, 0.000623, 0.000617, 0.000611, 0.000604, 0.000596, 0.000588, 0.00058 ,
 0.000571, 0.000564, 0.000557, 0.000552, 0.000548, 0.000545, 0.000543, 0.000542, 0.000542, 0.000544, 0.000546, 0.00055 , 0.000555, 0.00056 ,
 0.000567, 0.000575, 0.000584, 0.000595, 0.000606, 0.000617, 0.000627, 0.000637, 0.000647, 0.000656, 0.000665, 0.000673, 0.000681, 0.000688,
 0.000695, 0.000702, 0.000708, 0.000713, 0.000718, 0.000723, 0.000727, 0.000731, 0.000735, 0.000738, 0.00074 , 0.000742, 0.000744, 0.000746,
 0.000747, 0.000748, 0.000748, 0.000749, 0.000748, 0.000748, 0.000747, 0.000746, 0.000744, 0.000742, 0.00074 , 0.000737, 0.000734, 0.000731,
 0.000728, 0.000725, 0.000722, 0.000719, 0.000717, 0.000714, 0.000712, 0.00071 , 0.000707, 0.000706, 0.000704, 0.000702, 0.0007  , 0.000699,
 0.000697, 0.000696, 0.000695, 0.000694, 0.000693, 0.000693, 0.000693, 0.000693, 0.000693, 0.000694, 0.000695, 0.000696, 0.000698, 0.0007  ,
 0.000702, 0.000704, 0.000707, 0.00071 , 0.000713, 0.000716, 0.00072 , 0.000724, 0.000727, 0.000729, 0.00073 , 0.00073 , 0.000729, 0.000727,
 0.000724, 0.00072 , 0.000715, 0.000709, 0.000703, 0.000695, 0.000686, 0.000677, 0.000666, 0.000654, 0.000642, 0.000628, 0.000616, 0.000605,
 0.000595, 0.000586, 0.000579, 0.000573, 0.000569, 0.000565, 0.000563, 0.000563, 0.000564, 0.000566, 0.000569, 0.000574, 0.00058 , 0.000587,
 0.000596, 0.000606, 0.000616, 0.000626, 0.000635, 0.000644, 0.000653, 0.000661, 0.000669, 0.000676, 0.000683, 0.00069 , 0.000696, 0.000702,
 0.000708, 0.000713, 0.000718, 0.000723, 0.000727, 0.00073 , 0.000734, 0.000736, 0.000738, 0.000739, 0.000739, 0.000739, 0.000738, 0.000736,
 0.000734, 0.00073 , 0.000726, 0.000722, 0.000716, 0.00071 , 0.000704, 0.000696, 0.000688, 0.000679, 0.00067 , 0.000662, 0.000655, 0.000649,
 0.000645, 0.000641, 0.000639, 0.000638, 0.000638, 0.000639, 0.000641, 0.000645, 0.000649, 0.000655, 0.000662, 0.00067 , 0.000679, 0.000689,
 0.000701, 0.000711, 0.000721, 0.00073 , 0.000738, 0.000746, 0.000753, 0.000759, 0.000764, 0.000769, 0.000772, 0.000775, 0.000777, 0.000779,
 0.00078 , 0.000779, 0.000779, 0.000777, 0.000775, 0.000772, 0.000769, 0.000766, 0.000764, 0.000761, 0.000758, 0.000754, 0.000751, 0.000748,
 0.000744, 0.000741, 0.000737, 0.000734, 0.00073 , 0.000726, 0.000722, 0.000718, 0.000714, 0.00071 , 0.000706, 0.000701, 0.000697, 0.000692,
 0.000687, 0.000683, 0.000678, 0.000673]
B1_phase          : [ 0.486629,  0.561486,  0.629304,  0.690083,  0.743824,  0.790526,  0.83019 ,  0.862815,  0.888402,  0.90695 ,  0.918459,  0.92293 ,
  0.920362,  0.910756,  0.894111,  0.870427,  0.839705,  0.801944,  0.757145,  0.705307,  0.646431,  0.580516,  0.507562,  0.42757 ,
  0.340539,  0.24647 ,  0.145362,  0.037215, -0.074877, -0.181267, -0.281262, -0.374861, -0.462064, -0.542872, -0.617283, -0.685299,
 -0.74692 , -0.802144, -0.850973, -0.893406, -0.929444, -0.959086, -0.982332, -0.999182, -1.009637, -1.013695, -1.011992, -1.008927,
 -1.005343, -1.00124 , -0.996619, -0.991479, -0.985821, -0.979644, -0.972949, -0.965735, -0.958002, -0.949751, -0.940981, -0.931693,
 -0.921886, -0.91156 , -0.900716, -0.889353, -0.877291, -0.860546, -0.83749 , -0.808123, -0.772444, -0.730454, -0.682152, -0.627539,
 -0.566615, -0.499379, -0.425832, -0.345973, -0.259803, -0.167322, -0.068529,  0.036575,  0.147991,  0.265718,  0.389749,  0.513631,
  0.631753,  0.744113,  0.850712,  0.951551,  1.046628,  1.135944,  1.219499,  1.297293,  1.369326,  1.435598,  1.496109,  1.550859,
  1.599847,  1.643075,  1.680542,  1.712247,  1.738192,  1.758226,  1.772064,  1.779697,  1.781127,  1.776354,  1.765377,  1.748196,
  1.724811,  1.695223,  1.659431,  1.617435,  1.569235,  1.514832,  1.454226,  1.387415,  1.314401,  1.235183,  1.149761,  1.059695,
  0.971231,  0.885022,  0.801068,  0.719369,  0.639925,  0.562736,  0.487802,  0.415123,  0.344699,  0.27653 ,  0.210616,  0.146957,
  0.085553,  0.026404, -0.03049 , -0.085129, -0.137513, -0.187611, -0.235127, -0.279985, -0.322187, -0.361732, -0.398619, -0.43285 ,
 -0.464425, -0.493342, -0.519603, -0.543206, -0.564153, -0.582443, -0.598076, -0.611052, -0.621372, -0.629034, -0.63404 , -0.636473,
 -0.639744, -0.645635, -0.654144, -0.665271, -0.679017, -0.695382, -0.714365, -0.735967, -0.760187, -0.787027, -0.816484, -0.84856 ,
 -0.883255, -0.920569, -0.960501, -1.003051, -1.04822 , -1.096008, -1.14026 , -1.173901, -1.196923, -1.209325, -1.211109, -1.202273,
 -1.182818, -1.152744, -1.112051, -1.060738, -0.998807, -0.926256, -0.843086, -0.749296, -0.644888, -0.52986 , -0.404214, -0.267948,
 -0.126868,  0.004833,  0.12651 ,  0.238164,  0.339795,  0.431402,  0.512985,  0.584545,  0.646081,  0.697594,  0.739083,  0.770549,
  0.791991,  0.80341 ,  0.804805,  0.796177,  0.777525,  0.74885 ,  0.712062,  0.677135,  0.645503,  0.617167,  0.592127,  0.570383,
  0.551935,  0.536782,  0.524925,  0.516364,  0.511099,  0.509129,  0.510455,  0.515077,  0.522995,  0.534209,  0.548718,  0.566523,
  0.587436,  0.608841,  0.629899,  0.650609,  0.670974,  0.690991,  0.710662,  0.729985,  0.748962,  0.767592,  0.785876,  0.803812,
  0.821402,  0.838645,  0.855541,  0.87209 ,  0.888292,  0.904148,  0.919657,  0.934819,  0.949634,  0.964102,  0.978224,  0.991999,
  1.005427,  1.018508,  1.031242,  1.043629]

Optimiser / simulation parameters
--------------------------------------------------------------------------------
n_points     : 15
n_epochs     : 100
amp_lim_low  : 0.01
amp_lim_high : 1.0
phi_lim      : 12.566370614359172
sigma0       : 0.04

GYR              : 42577478.518
SYSFIELD [T]     : 3.0
SYSFREQ [Hz]     : 127732435.55399999
DELTAFREQFAT     : -3.4e-06
FATFREQ [Hz]     : -434.29028088359996

TE [ms] : 4.78
TR [ms] : 2.35
T1 [ms] : 1480.0
T2 [ms] : 50.0

NF             : 200
NZ             : 100
F [Hz]         : 1000.0
FOV            : 0.44
SLICETHICKNESS : 0.12571428571428572
DF             : [-1000.      ,  -989.949749,  -979.899497,  -969.849246,  -959.798995,  -949.748744,  -939.698492,  -929.648241,  -919.59799 ,  -909.547739,
  -899.497487,  -889.447236,  -879.396985,  -869.346734,  -859.296482,  -849.246231,  -839.19598 ,  -829.145729,  -819.095477,  -809.045226,
  -798.994975,  -788.944724,  -778.894472,  -768.844221,  -758.79397 ,  -748.743719,  -738.693467,  -728.643216,  -718.592965,  -708.542714,
  -698.492462,  -688.442211,  -678.39196 ,  -668.341709,  -658.291457,  -648.241206,  -638.190955,  -628.140704,  -618.090452,  -608.040201,
  -597.98995 ,  -587.939698,  -577.889447,  -567.839196,  -557.788945,  -547.738693,  -537.688442,  -527.638191,  -517.58794 ,  -507.537688,
  -497.487437,  -487.437186,  -477.386935,  -467.336683,  -457.286432,  -447.236181,  -437.18593 ,  -427.135678,  -417.085427,  -407.035176,
  -396.984925,  -386.934673,  -376.884422,  -366.834171,  -356.78392 ,  -346.733668,  -336.683417,  -326.633166,  -316.582915,  -306.532663,
  -296.482412,  -286.432161,  -276.38191 ,  -266.331658,  -256.281407,  -246.231156,  -236.180905,  -226.130653,  -216.080402,  -206.030151,
  -195.979899,  -185.929648,  -175.879397,  -165.829146,  -155.778894,  -145.728643,  -135.678392,  -125.628141,  -115.577889,  -105.527638,
   -95.477387,   -85.427136,   -75.376884,   -65.326633,   -55.276382,   -45.226131,   -35.175879,   -25.125628,   -15.075377,    -5.025126,
     5.025126,    15.075377,    25.125628,    35.175879,    45.226131,    55.276382,    65.326633,    75.376884,    85.427136,    95.477387,
   105.527638,   115.577889,   125.628141,   135.678392,   145.728643,   155.778894,   165.829146,   175.879397,   185.929648,   195.979899,
   206.030151,   216.080402,   226.130653,   236.180905,   246.231156,   256.281407,   266.331658,   276.38191 ,   286.432161,   296.482412,
   306.532663,   316.582915,   326.633166,   336.683417,   346.733668,   356.78392 ,   366.834171,   376.884422,   386.934673,   396.984925,
   407.035176,   417.085427,   427.135678,   437.18593 ,   447.236181,   457.286432,   467.336683,   477.386935,   487.437186,   497.487437,
   507.537688,   517.58794 ,   527.638191,   537.688442,   547.738693,   557.788945,   567.839196,   577.889447,   587.939698,   597.98995 ,
   608.040201,   618.090452,   628.140704,   638.190955,   648.241206,   658.291457,   668.341709,   678.39196 ,   688.442211,   698.492462,
   708.542714,   718.592965,   728.643216,   738.693467,   748.743719,   758.79397 ,   768.844221,   778.894472,   788.944724,   798.994975,
   809.045226,   819.095477,   829.145729,   839.19598 ,   849.246231,   859.296482,   869.346734,   879.396985,   889.447236,   899.497487,
   909.547739,   919.59799 ,   929.648241,   939.698492,   949.748744,   959.798995,   969.849246,   979.899497,   989.949749,  1000.      ]
DZ             : [-0.44    , -0.431111, -0.422222, -0.413333, -0.404444, -0.395556, -0.386667, -0.377778, -0.368889, -0.36    , -0.351111, -0.342222,
 -0.333333, -0.324444, -0.315556, -0.306667, -0.297778, -0.288889, -0.28    , -0.271111, -0.262222, -0.253333, -0.244444, -0.235556,
 -0.226667, -0.217778, -0.208889, -0.2     , -0.191111, -0.182222, -0.173333, -0.164444, -0.155556, -0.146667, -0.137778, -0.128889,
 -0.12    , -0.111111, -0.102222, -0.093333, -0.084444, -0.075556, -0.066667, -0.057778, -0.048889, -0.04    , -0.031111, -0.022222,
 -0.013333, -0.004444,  0.004444,  0.013333,  0.022222,  0.031111,  0.04    ,  0.048889,  0.057778,  0.066667,  0.075556,  0.084444,
  0.093333,  0.102222,  0.111111,  0.12    ,  0.128889,  0.137778,  0.146667,  0.155556,  0.164444,  0.173333,  0.182222,  0.191111,
  0.2     ,  0.208889,  0.217778,  0.226667,  0.235556,  0.244444,  0.253333,  0.262222,  0.271111,  0.28    ,  0.288889,  0.297778,
  0.306667,  0.315556,  0.324444,  0.333333,  0.342222,  0.351111,  0.36    ,  0.368889,  0.377778,  0.386667,  0.395556,  0.404444,
  0.413333,  0.422222,  0.431111,  0.44    ]

FLIPMIN [deg] : 1.0
FLIPMAX [deg] : 90.0
NFLIP         : 100

CORRCOEF     : 1.0
L1           : 100.0
L2           : 5.0
L3           : 30.0
FATBAND [Hz] : 50.0
WATBAND [Hz] : 10.0

Optimisation results
--------------------------------------------------------------------------------
best_value : 56.87232096209973
optimisation_duration_seconds : 19.846
best_params :
  amp1: 0.463
  amp2: 0.456
  amp3: 0.388
  amp4: 0.49
  amp5: 0.535
  amp6: 0.507
  amp7: 0.498
  amp8: 0.513
  amp9: 0.403
  amp10: 0.48800000000000004
  amp11: 0.524
  amp12: 0.456
  amp13: 0.548
  amp14: 0.535
  amp15: 0.48100000000000004
  phi1: 0.48662938564082836
  phi2: 0.7466293856408281
  phi3: -0.7713706143591725
  phi4: -0.9683706143591717
  phi5: -0.5093706143591721
  phi6: 1.3026293856408273
  phi7: 1.6856293856408282
  phi8: 0.37962938564082727
  phi9: -0.5123706143591722
  phi10: -0.7583706143591726
  phi11: -1.1053706143591722
  phi12: 0.6656293856408286
  phi13: 0.5196293856408278
  phi14: 0.7636293856408276
  phi15: 1.043629385640827

