HydrOptiFrame report
================================================================================

Run folder       : HydrOptiFrame_Pulse_3T_2p000ms_20260606_171833
Title            : spl_30T_15p_2000ms_50000L2_50.0FB
Timestamp        : 2026-06-06 17:18:33

Pulse parameters
--------------------------------------------------------------------------------
T [ms]           : 2.0
NT               : 256
DT [ms]          : 0.0078125
flip [deg]       : 10.0
waveform_type    : spline
spline_order     : 2
set_edges_to_zero: False
waveform_params  : 
amp              : [0.553, 0.476, 0.564, 0.483, 0.483, 0.553, 0.451, 0.535, 0.407, 0.504, 0.469, 0.649, 0.544, 0.494, 0.478]
phi              : [-1.936371,  0.714629,  0.433629, -0.419371, -0.725371, -0.635371, -0.107371,  1.039629,  1.731629, -1.135371, -0.563371, -0.353371,
  0.846629, -0.399371,  1.597629]
amp_with_edges   : [0.553, 0.476, 0.564, 0.483, 0.483, 0.553, 0.451, 0.535, 0.407, 0.504, 0.469, 0.649, 0.544, 0.494, 0.478]
phi_with_edges   : [-1.936371,  0.714629,  0.433629, -0.419371, -0.725371, -0.635371, -0.107371,  1.039629,  1.731629, -1.135371, -0.563371, -0.353371,
  0.846629, -0.399371,  1.597629]
B1_amp           : [0.000742, 0.000728, 0.000716, 0.000704, 0.000693, 0.000683, 0.000674, 0.000666, 0.000659, 0.000653, 0.000647, 0.000643, 0.000639, 0.000637,
 0.000635, 0.000635, 0.000635, 0.000636, 0.000638, 0.000641, 0.000645, 0.00065 , 0.000656, 0.000663, 0.00067 , 0.000679, 0.000689, 0.000699,
 0.00071 , 0.00072 , 0.000729, 0.000736, 0.000742, 0.000748, 0.000752, 0.000755, 0.000756, 0.000757, 0.000757, 0.000755, 0.000752, 0.000748,
 0.000743, 0.000736, 0.000729, 0.00072 , 0.000711, 0.000701, 0.000693, 0.000684, 0.000677, 0.00067 , 0.000663, 0.000657, 0.000651, 0.000646,
 0.000642, 0.000638, 0.000635, 0.000632, 0.00063 , 0.000628, 0.000627, 0.000627, 0.000627, 0.000627, 0.000628, 0.00063 , 0.000632, 0.000634,
 0.000637, 0.00064 , 0.000644, 0.000649, 0.000654, 0.000659, 0.000665, 0.000672, 0.000679, 0.000686, 0.000694, 0.000702, 0.000711, 0.00072 ,
 0.000727, 0.000733, 0.000738, 0.000741, 0.000743, 0.000744, 0.000744, 0.000742, 0.000739, 0.000735, 0.00073 , 0.000723, 0.000715, 0.000706,
 0.000696, 0.000684, 0.000671, 0.000658, 0.000646, 0.000636, 0.000627, 0.00062 , 0.000614, 0.00061 , 0.000607, 0.000605, 0.000605, 0.000607,
 0.00061 , 0.000615, 0.000621, 0.000629, 0.000638, 0.000648, 0.00066 , 0.000673, 0.000685, 0.000695, 0.000703, 0.000709, 0.000714, 0.000717,
 0.000719, 0.000719, 0.000717, 0.000713, 0.000708, 0.000701, 0.000693, 0.000682, 0.00067 , 0.000657, 0.000642, 0.000625, 0.000609, 0.000595,
 0.000583, 0.000573, 0.000564, 0.000557, 0.000551, 0.000548, 0.000546, 0.000546, 0.000547, 0.00055 , 0.000555, 0.000562, 0.00057 , 0.00058 ,
 0.000592, 0.000605, 0.000618, 0.00063 , 0.00064 , 0.000649, 0.000657, 0.000664, 0.00067 , 0.000674, 0.000677, 0.000678, 0.000678, 0.000677,
 0.000675, 0.000672, 0.000667, 0.000661, 0.000653, 0.000645, 0.000636, 0.000629, 0.000624, 0.000621, 0.000619, 0.000619, 0.00062 , 0.000624,
 0.000629, 0.000635, 0.000644, 0.000654, 0.000665, 0.000679, 0.000694, 0.000711, 0.000729, 0.00075 , 0.00077 , 0.00079 , 0.000807, 0.000822,
 0.000835, 0.000847, 0.000856, 0.000864, 0.000869, 0.000873, 0.000875, 0.000875, 0.000873, 0.000869, 0.000863, 0.000855, 0.000845, 0.000834,
 0.000821, 0.000808, 0.000795, 0.000784, 0.000773, 0.000762, 0.000753, 0.000743, 0.000735, 0.000727, 0.000719, 0.000712, 0.000706, 0.000701,
 0.000696, 0.000691, 0.000687, 0.000684, 0.000682, 0.000679, 0.000677, 0.000675, 0.000672, 0.00067 , 0.000668, 0.000666, 0.000664, 0.000663,
 0.000661, 0.000659, 0.000657, 0.000656, 0.000654, 0.000653, 0.000652, 0.00065 , 0.000649, 0.000648, 0.000647, 0.000646, 0.000645, 0.000644,
 0.000643, 0.000643, 0.000642, 0.000641]
B1_phase         : [-1.936371, -1.705128, -1.483841, -1.272511, -1.071138, -0.879721, -0.698261, -0.526758, -0.365211, -0.213621, -0.071987,  0.05969 ,
  0.18141 ,  0.293174,  0.394981,  0.486831,  0.568725,  0.640663,  0.702643,  0.754667,  0.796735,  0.828846,  0.851   ,  0.863197,
  0.865438,  0.857723,  0.840051,  0.812422,  0.776897,  0.739905,  0.701907,  0.662904,  0.622895,  0.581881,  0.539862,  0.496837,
  0.452807,  0.407772,  0.361731,  0.314685,  0.266633,  0.217576,  0.167514,  0.116446,  0.064373,  0.011294, -0.042445, -0.094447,
 -0.144254, -0.191865, -0.23728 , -0.280499, -0.321522, -0.36035 , -0.396981, -0.431417, -0.463657, -0.493701, -0.52155 , -0.547202,
 -0.570659, -0.59192 , -0.610985, -0.627854, -0.642564, -0.655923, -0.668261, -0.679578, -0.689875, -0.699152, -0.707407, -0.714642,
 -0.720856, -0.72605 , -0.730223, -0.733375, -0.735507, -0.736618, -0.736708, -0.735778, -0.733827, -0.730855, -0.726863, -0.721738,
 -0.715384, -0.707801, -0.698988, -0.688946, -0.677675, -0.665175, -0.651445, -0.636486, -0.620298, -0.60288 , -0.584234, -0.564358,
 -0.543252, -0.520918, -0.497354, -0.47256 , -0.446538, -0.41897 , -0.389252, -0.357368, -0.323319, -0.287104, -0.248724, -0.208178,
 -0.165467, -0.12059 , -0.073548, -0.02434 ,  0.027033,  0.080572,  0.136277,  0.194146,  0.254182,  0.316383,  0.380749,  0.447012,
  0.514091,  0.581875,  0.650363,  0.719554,  0.78945 ,  0.86005 ,  0.931354,  1.003361,  1.076073,  1.149489,  1.223609,  1.298434,
  1.373962,  1.450194,  1.52713 ,  1.604771,  1.683115,  1.76077 ,  1.824392,  1.870653,  1.899552,  1.911089,  1.905265,  1.882079,
  1.841532,  1.783623,  1.708352,  1.615719,  1.505725,  1.378369,  1.233652,  1.071573,  0.892132,  0.69533 ,  0.481165,  0.250198,
  0.025065, -0.182423, -0.372267, -0.544465, -0.699018, -0.835927, -0.955191, -1.05681 , -1.140784, -1.207113, -1.255797, -1.286836,
 -1.300231, -1.29598 , -1.274085, -1.234545, -1.17736 , -1.10253 , -1.020853, -0.944742, -0.87421 , -0.809259, -0.749889, -0.696098,
 -0.647888, -0.605258, -0.568208, -0.536738, -0.510849, -0.49054 , -0.475811, -0.466662, -0.463094, -0.465105, -0.472697, -0.48587 ,
 -0.501054, -0.509527, -0.510893, -0.505152, -0.492303, -0.472347, -0.445284, -0.411113, -0.369835, -0.32145 , -0.265957, -0.203358,
 -0.133651, -0.056836,  0.027086,  0.118115,  0.216251,  0.321495,  0.430933,  0.529368,  0.614612,  0.686665,  0.745528,  0.791199,
  0.823679,  0.842969,  0.849067,  0.841975,  0.821691,  0.788217,  0.741551,  0.681695,  0.608648,  0.52241 ,  0.422981,  0.310361,
  0.185906,  0.068464, -0.035922, -0.127252, -0.205526, -0.270744, -0.322906, -0.362012, -0.388062, -0.401056, -0.400994, -0.387876,
 -0.361702, -0.322472, -0.270186, -0.204844, -0.126445, -0.034991,  0.069519,  0.187085,  0.317707,  0.461385,  0.618119,  0.787909,
  0.970755,  1.166657,  1.375615,  1.597629]

Optimiser / simulation parameters
--------------------------------------------------------------------------------
n_points         : 15
n_epochs         : 100
amp_lim_low      : 0.01
amp_lim_high     : 1.0
phi_lim          : 12.566370614359172
sigma0           : 0.04

GYR              : 42577478.518
SYSFIELD [T]     : 3.0
SYSFREQ [Hz]     : 127732435.55399999
DELTAFREQFAT     : -3.4e-06
FATFREQ [Hz]     : -434.29028088359996

TE [ms]          : 4.78
TR [ms]          : 2.35
T1 [ms]          : 1480.0
T2 [ms]          : 50.0

NF               : 200
NZ               : 100
F [Hz]           : 1000.0
FOV              : 0.44
SLICETHICKNESS   : 0.12571428571428572
DF               : [-1000.      ,  -989.949749,  -979.899497,  -969.849246,  -959.798995,  -949.748744,  -939.698492,  -929.648241,  -919.59799 ,  -909.547739,
  -899.497487,  -889.447236,  -879.396985,  -869.346734,  -859.296482,  -849.246231,  -839.19598 ,  -829.145729,  -819.095477,  -809.045226,
  -798.994975,  -788.944724,  -778.894472,  -768.844221,  -758.79397 ,  -748.743719,  -738.693467,  -728.643216,  -718.592965,  -708.542714,
  -698.492462,  -688.442211,  -678.39196 ,  -668.341709,  -658.291457,  -648.241206,  -638.190955,  -628.140704,  -618.090452,  -608.040201,
  -597.98995 ,  -587.939698,  -577.889447,  -567.839196,  -557.788945,  -547.738693,  -537.688442,  -527.638191,  -517.58794 ,  -507.537688,
  -497.487437,  -487.437186,  -477.386935,  -467.336683,  -457.286432,  -447.236181,  -437.18593 ,  -427.135678,  -417.085427,  -407.035176,
  -396.984925,  -386.934673,  -376.884422,  -366.834171,  -356.78392 ,  -346.733668,  -336.683417,  -326.633166,  -316.582915,  -306.532663,
  -296.482412,  -286.432161,  -276.38191 ,  -266.331658,  -256.281407,  -246.231156,  -236.180905,  -226.130653,  -216.080402,  -206.030151,
  -195.979899,  -185.929648,  -175.879397,  -165.829146,  -155.778894,  -145.728643,  -135.678392,  -125.628141,  -115.577889,  -105.527638,
   -95.477387,   -85.427136,   -75.376884,   -65.326633,   -55.276382,   -45.226131,   -35.175879,   -25.125628,   -15.075377,    -5.025126,
     5.025126,    15.075377,    25.125628,    35.175879,    45.226131,    55.276382,    65.326633,    75.376884,    85.427136,    95.477387,
   105.527638,   115.577889,   125.628141,   135.678392,   145.728643,   155.778894,   165.829146,   175.879397,   185.929648,   195.979899,
   206.030151,   216.080402,   226.130653,   236.180905,   246.231156,   256.281407,   266.331658,   276.38191 ,   286.432161,   296.482412,
   306.532663,   316.582915,   326.633166,   336.683417,   346.733668,   356.78392 ,   366.834171,   376.884422,   386.934673,   396.984925,
   407.035176,   417.085427,   427.135678,   437.18593 ,   447.236181,   457.286432,   467.336683,   477.386935,   487.437186,   497.487437,
   507.537688,   517.58794 ,   527.638191,   537.688442,   547.738693,   557.788945,   567.839196,   577.889447,   587.939698,   597.98995 ,
   608.040201,   618.090452,   628.140704,   638.190955,   648.241206,   658.291457,   668.341709,   678.39196 ,   688.442211,   698.492462,
   708.542714,   718.592965,   728.643216,   738.693467,   748.743719,   758.79397 ,   768.844221,   778.894472,   788.944724,   798.994975,
   809.045226,   819.095477,   829.145729,   839.19598 ,   849.246231,   859.296482,   869.346734,   879.396985,   889.447236,   899.497487,
   909.547739,   919.59799 ,   929.648241,   939.698492,   949.748744,   959.798995,   969.849246,   979.899497,   989.949749,  1000.      ]
DZ               : [-0.44    , -0.431111, -0.422222, -0.413333, -0.404444, -0.395556, -0.386667, -0.377778, -0.368889, -0.36    , -0.351111, -0.342222,
 -0.333333, -0.324444, -0.315556, -0.306667, -0.297778, -0.288889, -0.28    , -0.271111, -0.262222, -0.253333, -0.244444, -0.235556,
 -0.226667, -0.217778, -0.208889, -0.2     , -0.191111, -0.182222, -0.173333, -0.164444, -0.155556, -0.146667, -0.137778, -0.128889,
 -0.12    , -0.111111, -0.102222, -0.093333, -0.084444, -0.075556, -0.066667, -0.057778, -0.048889, -0.04    , -0.031111, -0.022222,
 -0.013333, -0.004444,  0.004444,  0.013333,  0.022222,  0.031111,  0.04    ,  0.048889,  0.057778,  0.066667,  0.075556,  0.084444,
  0.093333,  0.102222,  0.111111,  0.12    ,  0.128889,  0.137778,  0.146667,  0.155556,  0.164444,  0.173333,  0.182222,  0.191111,
  0.2     ,  0.208889,  0.217778,  0.226667,  0.235556,  0.244444,  0.253333,  0.262222,  0.271111,  0.28    ,  0.288889,  0.297778,
  0.306667,  0.315556,  0.324444,  0.333333,  0.342222,  0.351111,  0.36    ,  0.368889,  0.377778,  0.386667,  0.395556,  0.404444,
  0.413333,  0.422222,  0.431111,  0.44    ]

FLIPMIN [deg]    : 1.0
FLIPMAX [deg]    : 90.0
NFLIP            : 100

CORRCOEF         : 1.0
L1               : 100.0
L2               : 5.0
L3               : 30.0
FATBAND [Hz]     : 50.0
WATBAND [Hz]     : 10.0

Optimisation results
--------------------------------------------------------------------------------
best_value       : 97.93991315693557
best_params      :
  amp1: 0.553
  amp2: 0.47600000000000003
  amp3: 0.5640000000000001
  amp4: 0.48300000000000004
  amp5: 0.48300000000000004
  amp6: 0.553
  amp7: 0.451
  amp8: 0.535
  amp9: 0.40700000000000003
  amp10: 0.504
  amp11: 0.46900000000000003
  amp12: 0.649
  amp13: 0.544
  amp14: 0.494
  amp15: 0.47800000000000004
  phi1: -1.9363706143591717
  phi2: 0.7146293856408281
  phi3: 0.43362938564082754
  phi4: -0.4193706143591722
  phi5: -0.7253706143591714
  phi6: -0.6353706143591715
  phi7: -0.10737061435917283
  phi8: 1.0396293856408274
  phi9: 1.7316293856408276
  phi10: -1.1353706143591715
  phi11: -0.5633706143591724
  phi12: -0.3533706143591715
  phi13: 0.8466293856408278
  phi14: -0.39937061435917265
  phi15: 1.5976293856408272

