HydrOptiFrame report
================================================================================

Run folder : HydrOptiFrame_Pulse_3T_2p000ms_20260606_175625
Title      : spl_30T_15p_2000ms_50000L2_50.0FB
Timestamp  : 2026-06-06 17:56:25

Pulse parameters
--------------------------------------------------------------------------------
T [ms]            : 2.0
NT                : 256
DT [ms]           : 0.0078125
flip [deg]        : 10.0
waveform_type     : spline
spline_order      : 2
set_edges_to_zero : False
waveform_params   : 
amp               : [0.498, 0.471, 0.49 , 0.527, 0.481, 0.54 , 0.553, 0.442, 0.518, 0.564, 0.457, 0.527, 0.414, 0.455, 0.464]
phi               : [-1.113371,  1.820629,  0.399629, -2.254371, -1.674371, -0.632371,  1.382629, -0.794371, -1.159371,  0.622629, -0.449371,  1.338629,
 -0.612371,  0.901629,  1.654629]
amp_with_edges    : [0.498, 0.471, 0.49 , 0.527, 0.481, 0.54 , 0.553, 0.442, 0.518, 0.564, 0.457, 0.527, 0.414, 0.455, 0.464]
phi_with_edges    : [-1.113371,  1.820629,  0.399629, -2.254371, -1.674371, -0.632371,  1.382629, -0.794371, -1.159371,  0.622629, -0.449371,  1.338629,
 -0.612371,  0.901629,  1.654629]
B1_amp            : [0.000687, 0.000683, 0.00068 , 0.000677, 0.000673, 0.00067 , 0.000668, 0.000665, 0.000663, 0.000661, 0.000659, 0.000657, 0.000655, 0.000654,
 0.000653, 0.000652, 0.000651, 0.00065 , 0.00065 , 0.00065 , 0.00065 , 0.00065 , 0.00065 , 0.000651, 0.000652, 0.000653, 0.000654, 0.000655,
 0.000657, 0.000658, 0.00066 , 0.000662, 0.000664, 0.000667, 0.000669, 0.000672, 0.000675, 0.000678, 0.000681, 0.000684, 0.000688, 0.000692,
 0.000696, 0.0007  , 0.000704, 0.000708, 0.000713, 0.000717, 0.00072 , 0.000723, 0.000725, 0.000727, 0.000728, 0.000728, 0.000728, 0.000727,
 0.000725, 0.000723, 0.00072 , 0.000717, 0.000713, 0.000709, 0.000704, 0.000698, 0.000691, 0.000685, 0.00068 , 0.000676, 0.000672, 0.000669,
 0.000666, 0.000665, 0.000664, 0.000664, 0.000664, 0.000665, 0.000667, 0.00067 , 0.000674, 0.000678, 0.000683, 0.000688, 0.000694, 0.000701,
 0.000707, 0.000713, 0.000719, 0.000725, 0.00073 , 0.000735, 0.00074 , 0.000745, 0.000749, 0.000753, 0.000757, 0.000761, 0.000765, 0.000768,
 0.000771, 0.000774, 0.000776, 0.000778, 0.000779, 0.00078 , 0.000779, 0.000778, 0.000776, 0.000773, 0.000769, 0.000765, 0.000759, 0.000753,
 0.000745, 0.000737, 0.000728, 0.000719, 0.000708, 0.000696, 0.000684, 0.000671, 0.000659, 0.000649, 0.00064 , 0.000631, 0.000625, 0.000619,
 0.000614, 0.000611, 0.000609, 0.000608, 0.000608, 0.00061 , 0.000613, 0.000617, 0.000622, 0.000628, 0.000636, 0.000645, 0.000653, 0.000662,
 0.00067 , 0.000679, 0.000687, 0.000694, 0.000702, 0.00071 , 0.000717, 0.000724, 0.000731, 0.000737, 0.000744, 0.00075 , 0.000756, 0.000762,
 0.000768, 0.000773, 0.000778, 0.000782, 0.000784, 0.000786, 0.000786, 0.000786, 0.000784, 0.000782, 0.000778, 0.000773, 0.000767, 0.000761,
 0.000753, 0.000744, 0.000734, 0.000723, 0.000711, 0.000698, 0.000685, 0.000673, 0.000663, 0.000654, 0.000647, 0.00064 , 0.000636, 0.000633,
 0.000631, 0.00063 , 0.000631, 0.000634, 0.000637, 0.000642, 0.000649, 0.000657, 0.000666, 0.000677, 0.000688, 0.000698, 0.000707, 0.000714,
 0.000719, 0.000724, 0.000726, 0.000728, 0.000728, 0.000726, 0.000723, 0.000719, 0.000713, 0.000705, 0.000697, 0.000686, 0.000675, 0.000662,
 0.000648, 0.000634, 0.000622, 0.000611, 0.000602, 0.000593, 0.000585, 0.000579, 0.000574, 0.00057 , 0.000567, 0.000565, 0.000564, 0.000565,
 0.000566, 0.000569, 0.000573, 0.000578, 0.000584, 0.000591, 0.000596, 0.000602, 0.000607, 0.000612, 0.000617, 0.000621, 0.000625, 0.000629,
 0.000632, 0.000635, 0.000638, 0.00064 , 0.000642, 0.000644, 0.000645, 0.000646, 0.000647, 0.000648, 0.000648, 0.000648, 0.000647, 0.000646,
 0.000645, 0.000644, 0.000642, 0.00064 ]
B1_phase          : [-1.113371e+00, -8.292158e-01, -5.593599e-01, -3.038029e-01, -6.254474e-02,  1.644146e-01,  3.770750e-01,  5.754365e-01,  7.594992e-01,
  9.292630e-01,  1.084728e+00,  1.225894e+00,  1.352761e+00,  1.465330e+00,  1.563599e+00,  1.647570e+00,  1.717241e+00,  1.772614e+00,
  1.813688e+00,  1.840463e+00,  1.852939e+00,  1.851117e+00,  1.834995e+00,  1.804575e+00,  1.759856e+00,  1.700838e+00,  1.627521e+00,
  1.539905e+00,  1.440148e+00,  1.334984e+00,  1.224897e+00,  1.109886e+00,  9.899511e-01,  8.650930e-01,  7.353113e-01,  6.006061e-01,
  4.609774e-01,  3.164252e-01,  1.669495e-01,  1.255030e-02, -1.467724e-01, -3.110187e-01, -4.801885e-01, -6.542818e-01, -8.332986e-01,
 -1.017239e+00, -1.204052e+00, -1.379487e+00, -1.540816e+00, -1.688036e+00, -1.821149e+00, -1.940154e+00, -2.045052e+00, -2.135842e+00,
 -2.212525e+00, -2.275099e+00, -2.323566e+00, -2.357926e+00, -2.378177e+00, -2.384322e+00, -2.376358e+00, -2.354287e+00, -2.318108e+00,
 -2.267822e+00, -2.203923e+00, -2.137306e+00, -2.072427e+00, -2.009286e+00, -1.947884e+00, -1.888220e+00, -1.830294e+00, -1.774107e+00,
 -1.719658e+00, -1.666947e+00, -1.615975e+00, -1.566740e+00, -1.519245e+00, -1.473487e+00, -1.429468e+00, -1.387187e+00, -1.346645e+00,
 -1.307841e+00, -1.270769e+00, -1.230512e+00, -1.182793e+00, -1.127610e+00, -1.064965e+00, -9.948571e-01, -9.172862e-01, -8.322523e-01,
 -7.397557e-01, -6.397961e-01, -5.323738e-01, -4.174885e-01, -2.951405e-01, -1.653295e-01, -2.805574e-02,  1.166809e-01,  2.688804e-01,
  4.285427e-01,  5.956679e-01,  7.611338e-01,  9.074547e-01,  1.034200e+00,  1.141368e+00,  1.228961e+00,  1.296978e+00,  1.345418e+00,
  1.374283e+00,  1.383571e+00,  1.373284e+00,  1.343420e+00,  1.293980e+00,  1.224964e+00,  1.136372e+00,  1.028204e+00,  9.004603e-01,
  7.531402e-01,  5.862441e-01,  4.050219e-01,  2.305100e-01,  6.490670e-02, -9.178815e-02, -2.395745e-01, -3.784524e-01, -5.084218e-01,
 -6.294827e-01, -7.416351e-01, -8.448790e-01, -9.392145e-01, -1.024641e+00, -1.101160e+00, -1.168770e+00, -1.227471e+00, -1.277264e+00,
 -1.318149e+00, -1.350125e+00, -1.373122e+00, -1.386468e+00, -1.389994e+00, -1.383701e+00, -1.367589e+00, -1.341658e+00, -1.305907e+00,
 -1.260336e+00, -1.204947e+00, -1.139737e+00, -1.064709e+00, -9.798614e-01, -8.851943e-01, -7.807078e-01, -6.664021e-01, -5.422769e-01,
 -4.083324e-01, -2.645686e-01, -1.113979e-01,  3.444893e-02,  1.642435e-01,  2.779858e-01,  3.756758e-01,  4.573135e-01,  5.228990e-01,
  5.724323e-01,  6.059132e-01,  6.233419e-01,  6.247184e-01,  6.100426e-01,  5.793145e-01,  5.325341e-01,  4.697015e-01,  3.908167e-01,
  2.958795e-01,  1.848901e-01,  5.784849e-02, -6.956556e-02, -1.793277e-01, -2.714164e-01, -3.458317e-01, -4.025735e-01, -4.416419e-01,
 -4.630368e-01, -4.667584e-01, -4.528065e-01, -4.211811e-01, -3.718824e-01, -3.049102e-01, -2.202645e-01, -1.179455e-01,  2.047025e-03,
  1.397130e-01,  2.950523e-01,  4.680651e-01,  6.478680e-01,  8.078573e-01,  9.468237e-01,  1.064767e+00,  1.161688e+00,  1.237586e+00,
  1.292461e+00,  1.326313e+00,  1.339142e+00,  1.330949e+00,  1.301732e+00,  1.251493e+00,  1.180231e+00,  1.087946e+00,  9.746380e-01,
  8.403072e-01,  6.849536e-01,  5.085772e-01,  3.168208e-01,  1.391282e-01, -2.026224e-02, -1.613504e-01, -2.841364e-01, -3.886202e-01,
 -4.748017e-01, -5.426810e-01, -5.922582e-01, -6.235331e-01, -6.365057e-01, -6.311762e-01, -6.075444e-01, -5.656105e-01, -5.053743e-01,
 -4.268359e-01, -3.299952e-01, -2.148524e-01, -8.262328e-02,  4.978893e-02,  1.769650e-01,  2.989050e-01,  4.156089e-01,  5.270766e-01,
  6.333083e-01,  7.343038e-01,  8.300632e-01,  9.205864e-01,  1.005874e+00,  1.085925e+00,  1.160740e+00,  1.230318e+00,  1.294661e+00,
  1.353768e+00,  1.407638e+00,  1.456272e+00,  1.499671e+00,  1.537833e+00,  1.570759e+00,  1.598449e+00,  1.620902e+00,  1.638120e+00,
  1.650102e+00,  1.656847e+00,  1.658356e+00,  1.654629e+00]

Optimiser / simulation parameters
--------------------------------------------------------------------------------
n_points     : 15
n_epochs     : 100
amp_lim_low  : 0.01
amp_lim_high : 1.0
phi_lim      : 12.566370614359172
sigma0       : 0.04

GYR              : 42577478.518
SYSFIELD [T]     : 3.0
SYSFREQ [Hz]     : 127732435.55399999
DELTAFREQFAT     : -3.4e-06
FATFREQ [Hz]     : -434.29028088359996

TE [ms] : 4.78
TR [ms] : 2.35
T1 [ms] : 1480.0
T2 [ms] : 50.0

NF             : 200
NZ             : 100
F [Hz]         : 1000.0
FOV            : 0.44
SLICETHICKNESS : 0.12571428571428572
DF             : [-1000.      ,  -989.949749,  -979.899497,  -969.849246,  -959.798995,  -949.748744,  -939.698492,  -929.648241,  -919.59799 ,  -909.547739,
  -899.497487,  -889.447236,  -879.396985,  -869.346734,  -859.296482,  -849.246231,  -839.19598 ,  -829.145729,  -819.095477,  -809.045226,
  -798.994975,  -788.944724,  -778.894472,  -768.844221,  -758.79397 ,  -748.743719,  -738.693467,  -728.643216,  -718.592965,  -708.542714,
  -698.492462,  -688.442211,  -678.39196 ,  -668.341709,  -658.291457,  -648.241206,  -638.190955,  -628.140704,  -618.090452,  -608.040201,
  -597.98995 ,  -587.939698,  -577.889447,  -567.839196,  -557.788945,  -547.738693,  -537.688442,  -527.638191,  -517.58794 ,  -507.537688,
  -497.487437,  -487.437186,  -477.386935,  -467.336683,  -457.286432,  -447.236181,  -437.18593 ,  -427.135678,  -417.085427,  -407.035176,
  -396.984925,  -386.934673,  -376.884422,  -366.834171,  -356.78392 ,  -346.733668,  -336.683417,  -326.633166,  -316.582915,  -306.532663,
  -296.482412,  -286.432161,  -276.38191 ,  -266.331658,  -256.281407,  -246.231156,  -236.180905,  -226.130653,  -216.080402,  -206.030151,
  -195.979899,  -185.929648,  -175.879397,  -165.829146,  -155.778894,  -145.728643,  -135.678392,  -125.628141,  -115.577889,  -105.527638,
   -95.477387,   -85.427136,   -75.376884,   -65.326633,   -55.276382,   -45.226131,   -35.175879,   -25.125628,   -15.075377,    -5.025126,
     5.025126,    15.075377,    25.125628,    35.175879,    45.226131,    55.276382,    65.326633,    75.376884,    85.427136,    95.477387,
   105.527638,   115.577889,   125.628141,   135.678392,   145.728643,   155.778894,   165.829146,   175.879397,   185.929648,   195.979899,
   206.030151,   216.080402,   226.130653,   236.180905,   246.231156,   256.281407,   266.331658,   276.38191 ,   286.432161,   296.482412,
   306.532663,   316.582915,   326.633166,   336.683417,   346.733668,   356.78392 ,   366.834171,   376.884422,   386.934673,   396.984925,
   407.035176,   417.085427,   427.135678,   437.18593 ,   447.236181,   457.286432,   467.336683,   477.386935,   487.437186,   497.487437,
   507.537688,   517.58794 ,   527.638191,   537.688442,   547.738693,   557.788945,   567.839196,   577.889447,   587.939698,   597.98995 ,
   608.040201,   618.090452,   628.140704,   638.190955,   648.241206,   658.291457,   668.341709,   678.39196 ,   688.442211,   698.492462,
   708.542714,   718.592965,   728.643216,   738.693467,   748.743719,   758.79397 ,   768.844221,   778.894472,   788.944724,   798.994975,
   809.045226,   819.095477,   829.145729,   839.19598 ,   849.246231,   859.296482,   869.346734,   879.396985,   889.447236,   899.497487,
   909.547739,   919.59799 ,   929.648241,   939.698492,   949.748744,   959.798995,   969.849246,   979.899497,   989.949749,  1000.      ]
DZ             : [-0.44    , -0.431111, -0.422222, -0.413333, -0.404444, -0.395556, -0.386667, -0.377778, -0.368889, -0.36    , -0.351111, -0.342222,
 -0.333333, -0.324444, -0.315556, -0.306667, -0.297778, -0.288889, -0.28    , -0.271111, -0.262222, -0.253333, -0.244444, -0.235556,
 -0.226667, -0.217778, -0.208889, -0.2     , -0.191111, -0.182222, -0.173333, -0.164444, -0.155556, -0.146667, -0.137778, -0.128889,
 -0.12    , -0.111111, -0.102222, -0.093333, -0.084444, -0.075556, -0.066667, -0.057778, -0.048889, -0.04    , -0.031111, -0.022222,
 -0.013333, -0.004444,  0.004444,  0.013333,  0.022222,  0.031111,  0.04    ,  0.048889,  0.057778,  0.066667,  0.075556,  0.084444,
  0.093333,  0.102222,  0.111111,  0.12    ,  0.128889,  0.137778,  0.146667,  0.155556,  0.164444,  0.173333,  0.182222,  0.191111,
  0.2     ,  0.208889,  0.217778,  0.226667,  0.235556,  0.244444,  0.253333,  0.262222,  0.271111,  0.28    ,  0.288889,  0.297778,
  0.306667,  0.315556,  0.324444,  0.333333,  0.342222,  0.351111,  0.36    ,  0.368889,  0.377778,  0.386667,  0.395556,  0.404444,
  0.413333,  0.422222,  0.431111,  0.44    ]

FLIPMIN [deg] : 1.0
FLIPMAX [deg] : 90.0
NFLIP         : 100

CORRCOEF     : 1.0
L1           : 100.0
L2           : 5.0
L3           : 30.0
FATBAND [Hz] : 50.0
WATBAND [Hz] : 10.0

Optimisation results
--------------------------------------------------------------------------------
best_value : 68.2276967640048
optimisation_duration_seconds : 19.133
best_params :
  amp1: 0.498
  amp2: 0.47100000000000003
  amp3: 0.49
  amp4: 0.527
  amp5: 0.48100000000000004
  amp6: 0.54
  amp7: 0.553
  amp8: 0.442
  amp9: 0.518
  amp10: 0.5640000000000001
  amp11: 0.457
  amp12: 0.527
  amp13: 0.41400000000000003
  amp14: 0.455
  amp15: 0.464
  phi1: -1.113370614359173
  phi2: 1.820629385640828
  phi3: 0.3996293856408286
  phi4: -2.254370614359173
  phi5: -1.674370614359173
  phi6: -0.6323706143591714
  phi7: 1.3826293856408274
  phi8: -0.7943706143591722
  phi9: -1.1593706143591724
  phi10: 0.6226293856408276
  phi11: -0.4493706143591716
  phi12: 1.3386293856408287
  phi13: -0.6123706143591718
  phi14: 0.9016293856408275
  phi15: 1.6546293856408276

