HydrOptiFrame report
================================================================================

Run folder       : HydrOptiFrame_Pulse_3T_2p000ms_20260606_171658
Title            : spl_30T_15p_2000ms_50000L2_50.0FB
Timestamp        : 2026-06-06 17:17:27

Pulse parameters
--------------------------------------------------------------------------------
T [ms]           : 2.0
NT               : 256
DT [ms]          : 0.0078125
flip [deg]       : 10
waveform_type    : spline
spline_order     : 2
set_edges_to_zero: False
waveform_params  : 
amp              : [0.478, 0.531, 0.592, 0.506, 0.509, 0.55 , 0.507, 0.479, 0.494, 0.583, 0.46 , 0.512, 0.541, 0.435, 0.552]
phi              : [ 0.005629, -0.455371, -0.803371, -0.696371, -0.627371,  0.554629,  0.855629,  0.125629, -1.596371,  0.195629, -0.773371,  1.411629,
 -0.990371,  0.153629,  0.431629]
amp_with_edges   : [0.478, 0.531, 0.592, 0.506, 0.509, 0.55 , 0.507, 0.479, 0.494, 0.583, 0.46 , 0.512, 0.541, 0.435, 0.552]
phi_with_edges   : [ 0.005629, -0.455371, -0.803371, -0.696371, -0.627371,  0.554629,  0.855629,  0.125629, -1.596371,  0.195629, -0.773371,  1.411629,
 -0.990371,  0.153629,  0.431629]
B1_amp           : [0.000634, 0.000637, 0.000639, 0.000642, 0.000645, 0.000648, 0.000651, 0.000655, 0.000658, 0.000662, 0.000666, 0.00067 , 0.000674, 0.000679,
 0.000683, 0.000688, 0.000693, 0.000698, 0.000703, 0.000709, 0.000714, 0.00072 , 0.000726, 0.000732, 0.000738, 0.000745, 0.000751, 0.000758,
 0.000765, 0.000771, 0.000775, 0.000779, 0.000783, 0.000785, 0.000786, 0.000786, 0.000786, 0.000784, 0.000782, 0.000779, 0.000775, 0.000769,
 0.000763, 0.000756, 0.000749, 0.00074 , 0.00073 , 0.000721, 0.000713, 0.000705, 0.000697, 0.000691, 0.000685, 0.000679, 0.000674, 0.00067 ,
 0.000666, 0.000663, 0.00066 , 0.000658, 0.000657, 0.000656, 0.000656, 0.000656, 0.000657, 0.000659, 0.00066 , 0.000662, 0.000664, 0.000666,
 0.000668, 0.00067 , 0.000673, 0.000676, 0.000679, 0.000682, 0.000685, 0.000689, 0.000692, 0.000696, 0.0007  , 0.000705, 0.000709, 0.000713,
 0.000717, 0.00072 , 0.000723, 0.000726, 0.000727, 0.000729, 0.000729, 0.00073 , 0.000729, 0.000729, 0.000727, 0.000726, 0.000723, 0.000721,
 0.000717, 0.000714, 0.000709, 0.000705, 0.0007  , 0.000696, 0.000692, 0.000688, 0.000684, 0.00068 , 0.000677, 0.000674, 0.00067 , 0.000667,
 0.000664, 0.000661, 0.000659, 0.000656, 0.000654, 0.000652, 0.00065 , 0.000648, 0.000646, 0.000644, 0.000643, 0.000641, 0.00064 , 0.000638,
 0.000637, 0.000636, 0.000635, 0.000634, 0.000633, 0.000633, 0.000632, 0.000631, 0.000631, 0.000631, 0.000631, 0.00063 , 0.000631, 0.000632,
 0.000634, 0.000636, 0.000639, 0.000643, 0.000647, 0.000652, 0.000657, 0.000663, 0.00067 , 0.000677, 0.000685, 0.000693, 0.000702, 0.000712,
 0.000722, 0.000733, 0.000743, 0.000752, 0.000759, 0.000765, 0.00077 , 0.000773, 0.000774, 0.000775, 0.000773, 0.000771, 0.000766, 0.000761,
 0.000754, 0.000745, 0.000735, 0.000724, 0.000711, 0.000697, 0.000683, 0.00067 , 0.000658, 0.000647, 0.000637, 0.000629, 0.000622, 0.000616,
 0.000611, 0.000607, 0.000605, 0.000604, 0.000604, 0.000605, 0.000607, 0.000611, 0.000616, 0.000622, 0.000629, 0.000635, 0.000642, 0.000648,
 0.000654, 0.00066 , 0.000666, 0.000672, 0.000677, 0.000683, 0.000688, 0.000693, 0.000697, 0.000702, 0.000706, 0.000711, 0.000715, 0.000719,
 0.000722, 0.000725, 0.000727, 0.000728, 0.000728, 0.000727, 0.000726, 0.000723, 0.00072 , 0.000716, 0.000711, 0.000705, 0.000698, 0.00069 ,
 0.000681, 0.000672, 0.000661, 0.00065 , 0.000638, 0.000627, 0.000616, 0.000607, 0.000599, 0.000592, 0.000587, 0.000582, 0.000579, 0.000577,
 0.000576, 0.000576, 0.000577, 0.000579, 0.000583, 0.000587, 0.000593, 0.0006  , 0.000608, 0.000617, 0.000628, 0.000639, 0.000652, 0.000666,
 0.000681, 0.000697, 0.000714, 0.000732]
B1_phase         : [ 5.629386e-03, -2.051753e-02, -4.656719e-02, -7.251959e-02, -9.837473e-02, -1.241326e-01, -1.497932e-01, -1.753566e-01, -2.008227e-01,
 -2.261916e-01, -2.514632e-01, -2.766375e-01, -3.017146e-01, -3.266944e-01, -3.515770e-01, -3.763623e-01, -4.010503e-01, -4.256411e-01,
 -4.501347e-01, -4.745309e-01, -4.988299e-01, -5.230317e-01, -5.471362e-01, -5.711435e-01, -5.950534e-01, -6.188662e-01, -6.425817e-01,
 -6.661999e-01, -6.892726e-01, -7.104019e-01, -7.294871e-01, -7.465282e-01, -7.615253e-01, -7.744783e-01, -7.853873e-01, -7.942522e-01,
 -8.010731e-01, -8.058499e-01, -8.085827e-01, -8.092714e-01, -8.079160e-01, -8.045166e-01, -7.990731e-01, -7.915856e-01, -7.820540e-01,
 -7.704784e-01, -7.572288e-01, -7.448763e-01, -7.339136e-01, -7.243407e-01, -7.161576e-01, -7.093644e-01, -7.039609e-01, -6.999473e-01,
 -6.973235e-01, -6.960894e-01, -6.962452e-01, -6.977909e-01, -7.007263e-01, -7.050515e-01, -7.107666e-01, -7.178715e-01, -7.263662e-01,
 -7.362506e-01, -7.473135e-01, -7.549013e-01, -7.571107e-01, -7.539416e-01, -7.453940e-01, -7.314679e-01, -7.121633e-01, -6.874802e-01,
 -6.574186e-01, -6.219784e-01, -5.811598e-01, -5.349627e-01, -4.833871e-01, -4.264330e-01, -3.641004e-01, -2.963893e-01, -2.232996e-01,
 -1.448315e-01, -6.099091e-02,  2.318722e-02,  1.033228e-01,  1.794159e-01,  2.514665e-01,  3.194745e-01,  3.834400e-01,  4.433630e-01,
  4.992434e-01,  5.510814e-01,  5.988768e-01,  6.426296e-01,  6.823400e-01,  7.180078e-01,  7.496331e-01,  7.772158e-01,  8.007561e-01,
  8.202538e-01,  8.357090e-01,  8.476867e-01,  8.572701e-01,  8.644860e-01,  8.693342e-01,  8.718148e-01,  8.719278e-01,  8.696733e-01,
  8.650511e-01,  8.580613e-01,  8.487040e-01,  8.369790e-01,  8.228864e-01,  8.064263e-01,  7.875985e-01,  7.664031e-01,  7.428402e-01,
  7.169096e-01,  6.886114e-01,  6.571632e-01,  6.194293e-01,  5.750823e-01,  5.241220e-01,  4.665485e-01,  4.023618e-01,  3.315619e-01,
  2.541488e-01,  1.701225e-01,  7.948297e-02, -1.776976e-02, -1.216357e-01, -2.321148e-01, -3.492072e-01, -4.729128e-01, -6.032315e-01,
 -7.401635e-01, -8.837087e-01, -1.031958e+00, -1.166641e+00, -1.283198e+00, -1.381629e+00, -1.461935e+00, -1.524114e+00, -1.568167e+00,
 -1.594094e+00, -1.601896e+00, -1.591571e+00, -1.563121e+00, -1.516544e+00, -1.451842e+00, -1.369013e+00, -1.268059e+00, -1.148978e+00,
 -1.011772e+00, -8.564399e-01, -6.835482e-01, -5.160754e-01, -3.660093e-01, -2.333498e-01, -1.180970e-01, -2.025072e-02,  6.018886e-02,
  1.232218e-01,  1.688481e-01,  1.970678e-01,  2.078809e-01,  2.012873e-01,  1.772870e-01,  1.358802e-01,  7.706668e-02,  8.465467e-04,
 -9.278022e-02, -2.038136e-01, -3.322537e-01, -4.608320e-01, -5.696984e-01, -6.588292e-01, -7.282243e-01, -7.778837e-01, -8.078075e-01,
 -8.179957e-01, -8.084482e-01, -7.791650e-01, -7.301462e-01, -6.613917e-01, -5.729016e-01, -4.646759e-01, -3.367145e-01, -1.890174e-01,
 -2.158470e-02,  1.655837e-01,  3.724877e-01,  5.865588e-01,  7.770742e-01,  9.426372e-01,  1.083248e+00,  1.198906e+00,  1.289612e+00,
  1.355366e+00,  1.396167e+00,  1.412016e+00,  1.402913e+00,  1.368857e+00,  1.309849e+00,  1.225889e+00,  1.116976e+00,  9.831112e-01,
  8.242938e-01,  6.405242e-01,  4.318022e-01,  2.044877e-01, -8.235450e-03, -2.015902e-01, -3.755767e-01, -5.301948e-01, -6.654446e-01,
 -7.813260e-01, -8.778391e-01, -9.549839e-01, -1.012760e+00, -1.051168e+00, -1.070208e+00, -1.069880e+00, -1.050183e+00, -1.011118e+00,
 -9.526839e-01, -8.748820e-01, -7.777118e-01, -6.624708e-01, -5.471969e-01, -4.376732e-01, -3.338996e-01, -2.358761e-01, -1.436027e-01,
 -5.707947e-02,  2.369365e-02,  9.871664e-02,  1.679895e-01,  2.315122e-01,  2.892849e-01,  3.413073e-01,  3.875797e-01,  4.281019e-01,
  4.628740e-01,  4.918960e-01,  5.151679e-01,  5.326896e-01,  5.444612e-01,  5.504826e-01,  5.507540e-01,  5.452752e-01,  5.340463e-01,
  5.170673e-01,  4.943381e-01,  4.658588e-01,  4.316294e-01]

Optimiser / simulation parameters
--------------------------------------------------------------------------------
n_points         : 15
n_epochs         : 100
amp_lim_low      : 0.01
amp_lim_high     : 1.0
phi_lim          : 12.566370614359172
sigma0           : 0.04

GYR              : 42577478.518
SYSFIELD [T]     : 3.0
SYSFREQ [Hz]     : 127732435.55399999
DELTAFREQFAT     : -3.4e-06
FATFREQ [Hz]     : -434.29028088359996

TE [ms]          : 4.78
TR [ms]          : 2.35
T1 [ms]          : 1480.0
T2 [ms]          : 50.0

NF               : 200
NZ               : 100
F [Hz]           : 1000.0
FOV              : 0.44
SLICETHICKNESS   : 0.12571428571428572
DF               : [-1000.      ,  -989.949749,  -979.899497,  -969.849246,  -959.798995,  -949.748744,  -939.698492,  -929.648241,  -919.59799 ,  -909.547739,
  -899.497487,  -889.447236,  -879.396985,  -869.346734,  -859.296482,  -849.246231,  -839.19598 ,  -829.145729,  -819.095477,  -809.045226,
  -798.994975,  -788.944724,  -778.894472,  -768.844221,  -758.79397 ,  -748.743719,  -738.693467,  -728.643216,  -718.592965,  -708.542714,
  -698.492462,  -688.442211,  -678.39196 ,  -668.341709,  -658.291457,  -648.241206,  -638.190955,  -628.140704,  -618.090452,  -608.040201,
  -597.98995 ,  -587.939698,  -577.889447,  -567.839196,  -557.788945,  -547.738693,  -537.688442,  -527.638191,  -517.58794 ,  -507.537688,
  -497.487437,  -487.437186,  -477.386935,  -467.336683,  -457.286432,  -447.236181,  -437.18593 ,  -427.135678,  -417.085427,  -407.035176,
  -396.984925,  -386.934673,  -376.884422,  -366.834171,  -356.78392 ,  -346.733668,  -336.683417,  -326.633166,  -316.582915,  -306.532663,
  -296.482412,  -286.432161,  -276.38191 ,  -266.331658,  -256.281407,  -246.231156,  -236.180905,  -226.130653,  -216.080402,  -206.030151,
  -195.979899,  -185.929648,  -175.879397,  -165.829146,  -155.778894,  -145.728643,  -135.678392,  -125.628141,  -115.577889,  -105.527638,
   -95.477387,   -85.427136,   -75.376884,   -65.326633,   -55.276382,   -45.226131,   -35.175879,   -25.125628,   -15.075377,    -5.025126,
     5.025126,    15.075377,    25.125628,    35.175879,    45.226131,    55.276382,    65.326633,    75.376884,    85.427136,    95.477387,
   105.527638,   115.577889,   125.628141,   135.678392,   145.728643,   155.778894,   165.829146,   175.879397,   185.929648,   195.979899,
   206.030151,   216.080402,   226.130653,   236.180905,   246.231156,   256.281407,   266.331658,   276.38191 ,   286.432161,   296.482412,
   306.532663,   316.582915,   326.633166,   336.683417,   346.733668,   356.78392 ,   366.834171,   376.884422,   386.934673,   396.984925,
   407.035176,   417.085427,   427.135678,   437.18593 ,   447.236181,   457.286432,   467.336683,   477.386935,   487.437186,   497.487437,
   507.537688,   517.58794 ,   527.638191,   537.688442,   547.738693,   557.788945,   567.839196,   577.889447,   587.939698,   597.98995 ,
   608.040201,   618.090452,   628.140704,   638.190955,   648.241206,   658.291457,   668.341709,   678.39196 ,   688.442211,   698.492462,
   708.542714,   718.592965,   728.643216,   738.693467,   748.743719,   758.79397 ,   768.844221,   778.894472,   788.944724,   798.994975,
   809.045226,   819.095477,   829.145729,   839.19598 ,   849.246231,   859.296482,   869.346734,   879.396985,   889.447236,   899.497487,
   909.547739,   919.59799 ,   929.648241,   939.698492,   949.748744,   959.798995,   969.849246,   979.899497,   989.949749,  1000.      ]
DZ               : [-0.44    , -0.431111, -0.422222, -0.413333, -0.404444, -0.395556, -0.386667, -0.377778, -0.368889, -0.36    , -0.351111, -0.342222,
 -0.333333, -0.324444, -0.315556, -0.306667, -0.297778, -0.288889, -0.28    , -0.271111, -0.262222, -0.253333, -0.244444, -0.235556,
 -0.226667, -0.217778, -0.208889, -0.2     , -0.191111, -0.182222, -0.173333, -0.164444, -0.155556, -0.146667, -0.137778, -0.128889,
 -0.12    , -0.111111, -0.102222, -0.093333, -0.084444, -0.075556, -0.066667, -0.057778, -0.048889, -0.04    , -0.031111, -0.022222,
 -0.013333, -0.004444,  0.004444,  0.013333,  0.022222,  0.031111,  0.04    ,  0.048889,  0.057778,  0.066667,  0.075556,  0.084444,
  0.093333,  0.102222,  0.111111,  0.12    ,  0.128889,  0.137778,  0.146667,  0.155556,  0.164444,  0.173333,  0.182222,  0.191111,
  0.2     ,  0.208889,  0.217778,  0.226667,  0.235556,  0.244444,  0.253333,  0.262222,  0.271111,  0.28    ,  0.288889,  0.297778,
  0.306667,  0.315556,  0.324444,  0.333333,  0.342222,  0.351111,  0.36    ,  0.368889,  0.377778,  0.386667,  0.395556,  0.404444,
  0.413333,  0.422222,  0.431111,  0.44    ]

FLIPMIN [deg]    : 1.0
FLIPMAX [deg]    : 90.0
NFLIP            : 100

CORRCOEF         : 1.0
L1               : 100.0
L2               : 5.0
L3               : 30.0
FATBAND [Hz]     : 50.0
WATBAND [Hz]     : 10.0

Optimisation results
--------------------------------------------------------------------------------
best_value       : 52.93302776942892
best_params      :
  amp1: 0.47800000000000004
  amp2: 0.531
  amp3: 0.592
  amp4: 0.506
  amp5: 0.509
  amp6: 0.55
  amp7: 0.507
  amp8: 0.47900000000000004
  amp9: 0.494
  amp10: 0.5830000000000001
  amp11: 0.46
  amp12: 0.512
  amp13: 0.541
  amp14: 0.435
  amp15: 0.552
  phi1: 0.005629385640828488
  phi2: -0.4553706143591718
  phi3: -0.8033706143591726
  phi4: -0.6963706143591715
  phi5: -0.6273706143591724
  phi6: 0.554629385640828
  phi7: 0.8556293856408281
  phi8: 0.1256293856408277
  phi9: -1.5963706143591718
  phi10: 0.195629385640828
  phi11: -0.7733706143591714
  phi12: 1.4116293856408273
  phi13: -0.990370614359172
  phi14: 0.15362938564082818
  phi15: 0.43162938564082864

